2.0787685265958165
0.8503310003716051
0.7018025637772605
0.6043050033747771
0.5365776526973557
0.48800176311302695
0.45231809729053063
0.42550369698561885
0.4048672530415916
0.3885754578485413
0.3753684605529029
0.3643759714183389
0.35499430173283897
0.3468029023532605
0.33950733201327776
0.3329001611004404
0.32683412297740955
0.3212036533237458
0.3159321830407129
0.31096338144138325
0.3062551136035054
0.3017752638147993
0.29749884292598155
0.2934059797580564
0.28948052181362505
0.28570905641549493
0.2820802223623745
0.2785842226954234
0.27521247700094714
0.2719573708054234
0.268812072774695
0.2657703994801985
0.26282671372572786
0.25997584672030266
0.2572130373418955
0.2545338837791034
0.25193430424925606
0.24941050446837065
0.2469589502259326
0.24457634388856905
0.24225960398522742
0.24000584725647725
0.23781237271232322
0.23567664735736102
0.23359629332360718
0.23156907620990255
0.22959289446924272
0.22766576971656657
0.2257858378527099
0.2239513409177025
0.2221606196000155
0.22041210633880406
0.21870431896449496
0.21703585482977694
0.21540538538854015
0.2138116511849143
0.21225345721843733
0.21072966865471934
0.20923920685385652
0.20778104569138794
0.20635420814881494
0.20495776315270137
0.20359082264314982
0.2022525388540465
0.2009421017889232
0.1996587368775764
0.19840170279979913
0.197170289463643
0.1959638161266292
0.19478162964923104
0.19362310287077883
0.19248763309870012
0.19137464070270227
0.19028356780615302
0.18921387706749757
0.18816505054509863
0.1871365886393868
0.18612800910666663
0.18513884613934742
0.18416864950777234
0.18321698375916234
0.18228342746954207
0.18136757254481586
0.18046902356745004
0.17958739718547512
0.1787223215407778
0.1778734357338635
0.17704038932248717
0.1762228418517417
0.17542046241336576
0.17463292923220888
0.1738599292779277
0.17310115790014668
0.17235631848543143
0.17162512213455167
0.17090728735862273
0.17020253979281488
0.16951061192641526
0.16883124284811893
0.168164178005506
